
==== 5MIN（当前成本 0.039 ATR）
                       n                    收益ATR                   t            
段                      内        外      近3年      内      外    近3年     内     外   近3年
形态           h                                                                   
H2 第二次入场     3   21171.0  12279.0   5619.0 -0.038  0.002 -0.010 -4.08  0.14 -0.62
             6   21171.0  12279.0   5619.0 -0.043 -0.006  0.001 -3.16 -0.36  0.05
             12  21171.0  12279.0   5619.0 -0.053 -0.004 -0.014 -2.71 -0.19 -0.40
             24  21171.0  12279.0   5619.0 -0.011 -0.045 -0.030 -0.40 -1.36 -0.61
H1 第一次入场（对照） 3   37236.0  22588.0  10301.0 -0.022  0.002  0.013 -3.03  0.27  1.03
             6   37236.0  22588.0  10301.0 -0.034 -0.017  0.001 -3.32 -1.45  0.07
             12  37236.0  22588.0  10301.0 -0.053 -0.038 -0.019 -3.66 -2.14 -0.74
             24  37236.0  22588.0  10301.0 -0.040 -0.045 -0.042 -1.92 -1.77 -1.15
旗形突破         3     883.0    506.0    234.0 -0.042 -0.058 -0.002 -0.84 -0.94 -0.02
             6     883.0    506.0    234.0 -0.036 -0.027 -0.014 -0.52 -0.32 -0.11
             12    883.0    506.0    234.0  0.003 -0.028  0.041  0.03 -0.22  0.23
             24    883.0    506.0    234.0  0.091 -0.076 -0.004  0.71 -0.47 -0.02
无旗杆区间突破（对照）  3   11306.0   7624.0   2984.0  0.008 -0.019  0.018  0.61 -1.67  0.88
             6   11306.0   7623.0   2983.0  0.009 -0.015  0.043  0.50 -0.84  1.29
             12  11306.0   7623.0   2983.0 -0.059  0.016  0.089 -2.31  0.68  2.18
             24  11306.0   7623.0   2983.0 -0.140  0.016  0.101 -3.74  0.46  1.65

==== 15MIN（当前成本 0.022 ATR）
                       n                  收益ATR                   t            
段                      内       外     近3年      内      外    近3年     内     外   近3年
形态           h                                                                 
H2 第二次入场     3    7553.0  4377.0  1963.0  0.018  0.010  0.018  1.19  0.54  0.65
             6    7553.0  4377.0  1963.0  0.007  0.000  0.027  0.33  0.01  0.68
             12   7553.0  4377.0  1963.0  0.036  0.043  0.065  1.12  1.13  1.12
             24   7553.0  4377.0  1963.0  0.130  0.071  0.114  2.77  1.27  1.37
H1 第一次入场（对照） 3   13059.0  7548.0  3365.0  0.004  0.015  0.026  0.34  1.09  1.25
             6   13059.0  7548.0  3365.0  0.017 -0.001  0.016  1.00 -0.06  0.54
             12  13059.0  7548.0  3365.0  0.030  0.004  0.007  1.21  0.13  0.17
             24  13059.0  7547.0  3364.0  0.125  0.006  0.022  3.46  0.15  0.35
旗形突破         3     391.0   237.0   100.0 -0.123 -0.062 -0.155 -1.94 -0.96 -1.73
             6     391.0   237.0   100.0 -0.287 -0.176 -0.263 -3.07 -1.73 -1.85
             12    391.0   237.0   100.0 -0.133 -0.050  0.098 -1.00 -0.30  0.38
             24    391.0   237.0   100.0 -0.276 -0.279  0.009 -1.62 -1.06  0.02
无旗杆区间突破（对照）  3    3938.0  2238.0   854.0  0.012 -0.031 -0.008  0.52 -1.37 -0.21
             6    3938.0  2238.0   854.0 -0.026 -0.031 -0.074 -0.78 -0.90 -1.19
             12   3938.0  2238.0   854.0 -0.054 -0.062 -0.037 -1.27 -1.25 -0.42
             24   3938.0  2238.0   854.0 -0.127 -0.042 -0.038 -2.13 -0.63 -0.31

==== 30MIN（当前成本 0.015 ATR）
                      n                  收益ATR                   t            
段                     内       外     近3年      内      外    近3年     内     外   近3年
形态           h                                                                
H2 第二次入场     3   3884.0  2270.0  1033.0 -0.019  0.011  0.011 -0.91  0.43  0.29
             6   3884.0  2270.0  1033.0  0.007  0.053  0.100  0.23  1.40  1.80
             12  3884.0  2270.0  1033.0  0.044  0.099  0.185  1.03  1.90  2.38
             24  3884.0  2270.0  1033.0  0.087  0.212  0.344  1.44  2.88  3.20
H1 第一次入场（对照） 3   6596.0  3834.0  1700.0 -0.011  0.022  0.065 -0.66  1.10  2.11
             6   6596.0  3834.0  1700.0 -0.002  0.048  0.073 -0.10  1.63  1.67
             12  6596.0  3834.0  1700.0  0.027  0.077  0.125  0.75  1.86  2.05
             24  6596.0  3834.0  1700.0  0.075  0.156  0.241  1.53  2.78  2.90
旗形突破         3    228.0   144.0    69.0 -0.242 -0.078 -0.191 -3.01 -0.56 -1.03
             6    228.0   144.0    69.0 -0.206 -0.276 -0.351 -1.90 -1.90 -1.60
             12   228.0   144.0    69.0 -0.226 -0.367 -0.411 -1.61 -1.67 -1.51
             24   228.0   144.0    69.0  0.244 -0.297 -0.365  1.13 -0.91 -0.85
无旗杆区间突破（对照）  3   1925.0   966.0   352.0  0.009 -0.014  0.001  0.28 -0.40  0.01
             6   1925.0   966.0   352.0 -0.041 -0.032  0.032 -0.99 -0.65  0.33
             12  1925.0   966.0   352.0 -0.045 -0.053  0.029 -0.73 -0.72  0.22
             24  1925.0   966.0   352.0 -0.006  0.133  0.126 -0.06  1.08  0.63

==== 1H（当前成本 0.01 ATR）
                      n                 收益ATR                   t            
段                     内       外    近3年      内      外    近3年     内     外   近3年
形态           h                                                               
H2 第二次入场     3   2109.0  1172.0  530.0  0.043  0.020  0.029  1.63  0.60  0.58
             6   2109.0  1172.0  530.0  0.063  0.081  0.072  1.71  1.73  1.08
             12  2109.0  1172.0  530.0  0.067  0.080  0.112  1.14  1.16  1.13
             24  2109.0  1172.0  530.0 -0.087  0.035  0.049 -1.06  0.34  0.33
H1 第一次入场（对照） 3   3388.0  1985.0  901.0  0.017  0.009  0.036  0.77  0.31  0.84
             6   3388.0  1985.0  901.0  0.026  0.069  0.095  0.82  1.82  1.78
             12  3388.0  1985.0  901.0  0.045  0.106  0.158  1.00  1.93  2.05
             24  3388.0  1985.0  901.0 -0.016  0.032  0.059 -0.24  0.40  0.50
旗形突破         3    187.0   108.0   42.0 -0.276 -0.048  0.319 -3.43 -0.51  2.00
             6    187.0   108.0   42.0 -0.300  0.076  0.486 -2.49  0.62  2.18
             12   187.0   108.0   42.0 -0.232  0.054  0.802 -1.11  0.19  2.04
             24   187.0   108.0   42.0  0.008 -0.019  0.720  0.03 -0.06  1.57
无旗杆区间突破（对照）  3    659.0   314.0  119.0  0.079  0.171  0.317  1.35  2.27  2.29
             6    659.0   314.0  119.0  0.129  0.203  0.225  1.40  1.79  1.11
             12   659.0   314.0  119.0  0.202  0.469  0.372  1.45  2.74  1.32
             24   659.0   314.0  119.0  0.165  0.752  0.744  0.90  3.28  1.87

==== 4H（当前成本 0.005 ATR）
                      n                收益ATR                   t            
段                     内      外    近3年      内      外    近3年     内     外   近3年
形态           h                                                              
H2 第二次入场     3    632.0  340.0  158.0 -0.058  0.012  0.206 -1.02  0.15  1.61
             6    632.0  340.0  158.0 -0.017  0.002  0.209 -0.21  0.02  1.32
             12   632.0  340.0  158.0  0.108  0.094  0.531  0.94  0.64  2.42
             24   632.0  340.0  158.0  0.220  0.202  0.468  1.38  0.96  1.45
H1 第一次入场（对照） 3   1034.0  582.0  261.0 -0.018 -0.004  0.049 -0.44 -0.06  0.52
             6   1034.0  581.0  260.0 -0.062  0.077  0.224 -1.08  0.98  1.80
             12  1034.0  581.0  260.0 -0.063  0.152  0.395 -0.73  1.41  2.34
             24  1034.0  581.0  260.0  0.046  0.290  0.470  0.37  1.82  1.96
旗形突破         3     53.0   18.0    NaN -0.017  0.025    NaN -0.07  0.08   NaN
             6     53.0   18.0    NaN  0.144  0.156    NaN  0.40  0.46   NaN
             12    53.0   18.0    NaN  0.173 -0.004    NaN  0.33 -0.01   NaN
             24    53.0   18.0    NaN -0.322 -0.127    NaN -0.57 -0.14   NaN
无旗杆区间突破（对照）  3     45.0   20.0    NaN  0.222  0.028    NaN  0.91  0.08   NaN
             6     45.0   20.0    NaN -0.200  0.118    NaN -0.58  0.25   NaN
             12    45.0   20.0    NaN -0.337  0.515    NaN -0.65  0.82   NaN
             24    45.0   20.0    NaN -0.259 -0.257    NaN -0.44 -0.26   NaN
