
==== 5MIN（成本约 nan ATR，近 3 年）
                   n         反转收益ATR            t           胜率       
段                  内       外       内      外     内     外      内      外
组        h                                                           
楔形（动能递减） 3   12752.0  8516.0   0.019  0.000  1.62  0.00  0.516  0.504
         6   12752.0  8516.0   0.046  0.021  2.67  1.07  0.531  0.517
         12  12752.0  8516.0   0.071  0.021  2.83  0.73  0.528  0.519
         24  12752.0  8515.0   0.053  0.012  1.48  0.30  0.523  0.513
对照（无递减）  3   11622.0  7281.0   0.004 -0.012  0.34 -0.78  0.508  0.501
         6   11622.0  7281.0   0.014 -0.020  0.73 -0.88  0.522  0.502
         12  11622.0  7281.0   0.023 -0.014  0.82 -0.43  0.526  0.496
         24  11622.0  7281.0   0.061 -0.034  1.51 -0.73  0.523  0.512

==== 15MIN（成本约 nan ATR，近 3 年）
                  n         反转收益ATR            t           胜率       
段                 内       外       内      外     内     外      内      外
组        h                                                          
楔形（动能递减） 3   4507.0  2777.0   0.002 -0.052  0.08 -2.21  0.509  0.480
         6   4507.0  2777.0  -0.017 -0.054 -0.55 -1.57  0.510  0.493
         12  4507.0  2777.0  -0.029 -0.064 -0.64 -1.25  0.512  0.490
         24  4507.0  2777.0  -0.040 -0.004 -0.61 -0.06  0.522  0.511
对照（无递减）  3   4004.0  2361.0  -0.018 -0.027 -0.79 -0.97  0.510  0.496
         6   4004.0  2361.0  -0.050 -0.031 -1.58 -0.78  0.511  0.509
         12  4004.0  2361.0  -0.051 -0.030 -1.05 -0.52  0.513  0.499
         24  4004.0  2361.0  -0.039 -0.216 -0.57 -2.58  0.512  0.492

==== 30MIN（成本约 nan ATR，近 3 年）
                  n         反转收益ATR            t           胜率       
段                 内       外       内      外     内     外      内      外
组        h                                                          
楔形（动能递减） 3   2310.0  1354.0   0.024 -0.008  0.83 -0.24  0.524  0.504
         6   2310.0  1354.0   0.033 -0.037  0.84 -0.72  0.536  0.524
         12  2310.0  1354.0  -0.047 -0.130 -0.79 -1.81  0.533  0.522
         24  2310.0  1354.0  -0.144 -0.223 -1.83 -2.25  0.503  0.508
对照（无递减）  3   2110.0  1228.0  -0.028  0.012 -0.89  0.32  0.491  0.506
         6   2110.0  1228.0   0.019 -0.061  0.43 -1.22  0.512  0.497
         12  2110.0  1228.0  -0.010 -0.006 -0.16 -0.08  0.525  0.497
         24  2110.0  1228.0   0.088 -0.029  0.97 -0.28  0.528  0.504

==== 1H（成本约 nan ATR，近 3 年）
                  n        反转收益ATR            t           胜率       
段                 内      外       内      外     内     外      内      外
组        h                                                         
楔形（动能递减） 3   1124.0  687.0   0.025 -0.035  0.62 -0.73  0.541  0.492
         6   1124.0  687.0  -0.021 -0.055 -0.37 -0.83  0.520  0.533
         12  1124.0  687.0   0.021 -0.014  0.25 -0.14  0.507  0.512
         24  1124.0  687.0  -0.037  0.014 -0.33  0.11  0.528  0.496
对照（无递减）  3   1036.0  620.0  -0.040 -0.136 -0.89 -2.50  0.512  0.474
         6   1036.0  619.0  -0.024 -0.212 -0.41 -2.78  0.509  0.491
         12  1036.0  619.0  -0.060 -0.291 -0.77 -2.88  0.490  0.488
         24  1036.0  619.0   0.055 -0.044  0.50 -0.32  0.513  0.494

==== 4H（成本约 nan ATR，近 3 年）
                 n        反转收益ATR            t           胜率       
段                内      外       内      外     内     外      内      外
组        h                                                        
楔形（动能递减） 3   399.0  213.0   0.039  0.159  0.56  1.56  0.484  0.521
         6   399.0  213.0   0.017  0.192  0.18  1.49  0.479  0.531
         12  399.0  213.0   0.042  0.018  0.32  0.10  0.496  0.516
         24  399.0  213.0   0.032  0.135  0.15  0.59  0.484  0.526
对照（无递减）  3   311.0  197.0   0.083 -0.177  1.10 -1.77  0.514  0.391
         6   311.0  196.0   0.106 -0.251  1.05 -1.89  0.524  0.474
         12  311.0  196.0   0.090 -0.270  0.64 -1.36  0.553  0.495
         24  311.0  195.0  -0.061 -0.234 -0.30 -0.87  0.495  0.477

==== 1D（成本约 nan ATR，近 3 年）
                n       反转收益ATR            t           胜率       
段               内     外       内      外     内     外      内      外
组        h                                                      
楔形（动能递减） 3   72.0  31.0  -0.116 -0.006 -0.82 -0.03  0.403  0.548
         6   72.0  31.0  -0.078  0.074 -0.35  0.22  0.472  0.613
         12  72.0  31.0   0.281 -0.278  0.98 -0.53  0.528  0.419
         24  72.0  30.0   0.316 -0.500  0.80 -0.81  0.556  0.467
对照（无递减）  3   50.0  23.0  -0.331 -0.076 -1.44 -0.25  0.500  0.478
         6   50.0  23.0   0.001 -0.238  0.01 -0.56  0.560  0.478
         12  50.0  23.0  -0.063 -0.324 -0.15 -0.58  0.560  0.435
         24  50.0  23.0   0.030 -0.419  0.06 -0.80  0.540  0.478
